2023/12/08-22:42:17.417745 7fe8a85da700 RocksDB version: 6.20.3
2023/12/08-22:42:17.417769 7fe8a85da700 Git sha 01028f411f86e930a5436f757837da08a3f48f1a
2023/12/08-22:42:17.417770 7fe8a85da700 Compile date 2021-07-31 16:27:06
2023/12/08-22:42:17.417803 7fe8a85da700 DB SUMMARY
2023/12/08-22:42:17.417803 7fe8a85da700 DB Session ID:  PAORKW9VXBNVQBEKBS0B
2023/12/08-22:42:17.419012 7fe8a85da700 CURRENT file:  CURRENT
2023/12/08-22:42:17.419032 7fe8a85da700 MANIFEST file:  MANIFEST-000021 size: 938 Bytes
2023/12/08-22:42:17.419034 7fe8a85da700 SST files in /data/db dir, Total Num: 2, files: 000037.sst 000039.sst 
2023/12/08-22:42:17.419035 7fe8a85da700 Write Ahead Log file in /data/db: 
2023/12/08-22:42:17.419037 7fe8a85da700                         Options.error_if_exists: 0
2023/12/08-22:42:17.419039 7fe8a85da700                       Options.create_if_missing: 1
2023/12/08-22:42:17.419040 7fe8a85da700                         Options.paranoid_checks: 1
2023/12/08-22:42:17.419041 7fe8a85da700                               Options.track_and_verify_wals_in_manifest: 0
2023/12/08-22:42:17.419041 7fe8a85da700                                     Options.env: 0x458c740
2023/12/08-22:42:17.419042 7fe8a85da700                                      Options.fs: Posix File System
2023/12/08-22:42:17.419043 7fe8a85da700                                Options.info_log: 0x7fe8e2d1d260
2023/12/08-22:42:17.419044 7fe8a85da700                Options.max_file_opening_threads: 16
2023/12/08-22:42:17.419045 7fe8a85da700                              Options.statistics: (nil)
2023/12/08-22:42:17.419046 7fe8a85da700                               Options.use_fsync: 0
2023/12/08-22:42:17.419047 7fe8a85da700                       Options.max_log_file_size: 0
2023/12/08-22:42:17.419047 7fe8a85da700                  Options.max_manifest_file_size: 1073741824
2023/12/08-22:42:17.419048 7fe8a85da700                   Options.log_file_time_to_roll: 0
2023/12/08-22:42:17.419049 7fe8a85da700                       Options.keep_log_file_num: 1000
2023/12/08-22:42:17.419049 7fe8a85da700                    Options.recycle_log_file_num: 0
2023/12/08-22:42:17.419050 7fe8a85da700                         Options.allow_fallocate: 1
2023/12/08-22:42:17.419051 7fe8a85da700                        Options.allow_mmap_reads: 0
2023/12/08-22:42:17.419052 7fe8a85da700                       Options.allow_mmap_writes: 0
2023/12/08-22:42:17.419052 7fe8a85da700                        Options.use_direct_reads: 0
2023/12/08-22:42:17.419053 7fe8a85da700                        Options.use_direct_io_for_flush_and_compaction: 0
2023/12/08-22:42:17.419056 7fe8a85da700          Options.create_missing_column_families: 0
2023/12/08-22:42:17.419057 7fe8a85da700                              Options.db_log_dir: 
2023/12/08-22:42:17.419058 7fe8a85da700                                 Options.wal_dir: /data/db
2023/12/08-22:42:17.419058 7fe8a85da700                Options.table_cache_numshardbits: 6
2023/12/08-22:42:17.419060 7fe8a85da700                         Options.WAL_ttl_seconds: 86400
2023/12/08-22:42:17.419060 7fe8a85da700                       Options.WAL_size_limit_MB: 1024
2023/12/08-22:42:17.419061 7fe8a85da700                        Options.max_write_batch_group_size_bytes: 1048576
2023/12/08-22:42:17.419062 7fe8a85da700             Options.manifest_preallocation_size: 4194304
2023/12/08-22:42:17.419063 7fe8a85da700                     Options.is_fd_close_on_exec: 1
2023/12/08-22:42:17.419064 7fe8a85da700                   Options.advise_random_on_open: 1
2023/12/08-22:42:17.419064 7fe8a85da700                    Options.db_write_buffer_size: 0
2023/12/08-22:42:17.419065 7fe8a85da700                    Options.write_buffer_manager: 0x7fe8e2d466a0
2023/12/08-22:42:17.419066 7fe8a85da700         Options.access_hint_on_compaction_start: 1
2023/12/08-22:42:17.419067 7fe8a85da700  Options.new_table_reader_for_compaction_inputs: 0
2023/12/08-22:42:17.419067 7fe8a85da700           Options.random_access_max_buffer_size: 1048576
2023/12/08-22:42:17.419068 7fe8a85da700                      Options.use_adaptive_mutex: 0
2023/12/08-22:42:17.419069 7fe8a85da700                            Options.rate_limiter: (nil)
2023/12/08-22:42:17.419070 7fe8a85da700     Options.sst_file_manager.rate_bytes_per_sec: 0
2023/12/08-22:42:17.419071 7fe8a85da700                       Options.wal_recovery_mode: 2
2023/12/08-22:42:17.419072 7fe8a85da700                  Options.enable_thread_tracking: 0
2023/12/08-22:42:17.419072 7fe8a85da700                  Options.enable_pipelined_write: 0
2023/12/08-22:42:17.419073 7fe8a85da700                  Options.unordered_write: 0
2023/12/08-22:42:17.419074 7fe8a85da700         Options.allow_concurrent_memtable_write: 1
2023/12/08-22:42:17.419075 7fe8a85da700      Options.enable_write_thread_adaptive_yield: 1
2023/12/08-22:42:17.419075 7fe8a85da700             Options.write_thread_max_yield_usec: 100
2023/12/08-22:42:17.419076 7fe8a85da700            Options.write_thread_slow_yield_usec: 3
2023/12/08-22:42:17.419077 7fe8a85da700                               Options.row_cache: None
2023/12/08-22:42:17.419078 7fe8a85da700                              Options.wal_filter: None
2023/12/08-22:42:17.419079 7fe8a85da700             Options.avoid_flush_during_recovery: 0
2023/12/08-22:42:17.419080 7fe8a85da700             Options.allow_ingest_behind: 0
2023/12/08-22:42:17.419080 7fe8a85da700             Options.preserve_deletes: 0
2023/12/08-22:42:17.419081 7fe8a85da700             Options.two_write_queues: 0
2023/12/08-22:42:17.419082 7fe8a85da700             Options.manual_wal_flush: 0
2023/12/08-22:42:17.419083 7fe8a85da700             Options.atomic_flush: 0
2023/12/08-22:42:17.419084 7fe8a85da700             Options.avoid_unnecessary_blocking_io: 0
2023/12/08-22:42:17.419084 7fe8a85da700                 Options.persist_stats_to_disk: 0
2023/12/08-22:42:17.419085 7fe8a85da700                 Options.write_dbid_to_manifest: 0
2023/12/08-22:42:17.419086 7fe8a85da700                 Options.log_readahead_size: 0
2023/12/08-22:42:17.419087 7fe8a85da700                 Options.file_checksum_gen_factory: Unknown
2023/12/08-22:42:17.419088 7fe8a85da700                 Options.best_efforts_recovery: 0
2023/12/08-22:42:17.419089 7fe8a85da700                Options.max_bgerror_resume_count: 2147483647
2023/12/08-22:42:17.419090 7fe8a85da700            Options.bgerror_resume_retry_interval: 1000000
2023/12/08-22:42:17.419090 7fe8a85da700             Options.allow_data_in_errors: 0
2023/12/08-22:42:17.419091 7fe8a85da700             Options.db_host_id: __hostname__
2023/12/08-22:42:17.419092 7fe8a85da700             Options.max_background_jobs: 16
2023/12/08-22:42:17.419092 7fe8a85da700             Options.max_background_compactions: -1
2023/12/08-22:42:17.419093 7fe8a85da700             Options.max_subcompactions: 1
2023/12/08-22:42:17.419094 7fe8a85da700             Options.avoid_flush_during_shutdown: 0
2023/12/08-22:42:17.419095 7fe8a85da700           Options.writable_file_max_buffer_size: 1048576
2023/12/08-22:42:17.419095 7fe8a85da700             Options.delayed_write_rate : 16777216
2023/12/08-22:42:17.419096 7fe8a85da700             Options.max_total_wal_size: 0
2023/12/08-22:42:17.419098 7fe8a85da700             Options.delete_obsolete_files_period_micros: 21600000000
2023/12/08-22:42:17.419100 7fe8a85da700                   Options.stats_dump_period_sec: 600
2023/12/08-22:42:17.419101 7fe8a85da700                 Options.stats_persist_period_sec: 600
2023/12/08-22:42:17.419101 7fe8a85da700                 Options.stats_history_buffer_size: 1048576
2023/12/08-22:42:17.419102 7fe8a85da700                          Options.max_open_files: -1
2023/12/08-22:42:17.419103 7fe8a85da700                          Options.bytes_per_sync: 0
2023/12/08-22:42:17.419104 7fe8a85da700                      Options.wal_bytes_per_sync: 0
2023/12/08-22:42:17.419104 7fe8a85da700                   Options.strict_bytes_per_sync: 0
2023/12/08-22:42:17.419105 7fe8a85da700       Options.compaction_readahead_size: 0
2023/12/08-22:42:17.419106 7fe8a85da700                  Options.max_background_flushes: -1
2023/12/08-22:42:17.419107 7fe8a85da700 Compression algorithms supported:
2023/12/08-22:42:17.419108 7fe8a85da700 	kZSTDNotFinalCompression supported: 0
2023/12/08-22:42:17.419110 7fe8a85da700 	kZSTD supported: 0
2023/12/08-22:42:17.419111 7fe8a85da700 	kXpressCompression supported: 0
2023/12/08-22:42:17.419112 7fe8a85da700 	kLZ4HCCompression supported: 0
2023/12/08-22:42:17.419112 7fe8a85da700 	kLZ4Compression supported: 0
2023/12/08-22:42:17.419113 7fe8a85da700 	kBZip2Compression supported: 0
2023/12/08-22:42:17.419114 7fe8a85da700 	kZlibCompression supported: 1
2023/12/08-22:42:17.419115 7fe8a85da700 	kSnappyCompression supported: 1
2023/12/08-22:42:17.419117 7fe8a85da700 Fast CRC32 supported: Not supported on x86
2023/12/08-22:42:17.433105 7fe8a85da700 [/version_set.cc:4626] Recovering from manifest file: /data/db/MANIFEST-000021
2023/12/08-22:42:17.435251 7fe8a85da700 [/column_family.cc:596] --------------- Options for column family [default]:
2023/12/08-22:42:17.435262 7fe8a85da700               Options.comparator: leveldb.BytewiseComparator
2023/12/08-22:42:17.435264 7fe8a85da700           Options.merge_operator: UInt64AddOperator
2023/12/08-22:42:17.435266 7fe8a85da700        Options.compaction_filter: None
2023/12/08-22:42:17.435268 7fe8a85da700        Options.compaction_filter_factory: None
2023/12/08-22:42:17.435269 7fe8a85da700  Options.sst_partitioner_factory: None
2023/12/08-22:42:17.435271 7fe8a85da700         Options.memtable_factory: SkipListFactory
2023/12/08-22:42:17.435272 7fe8a85da700            Options.table_factory: BlockBasedTable
2023/12/08-22:42:17.435308 7fe8a85da700            table_factory options:   flush_block_policy_factory: FlushBlockBySizePolicyFactory (0x7fe8e4008020)
  cache_index_and_filter_blocks: 0
  cache_index_and_filter_blocks_with_high_priority: 1
  pin_l0_filter_and_index_blocks_in_cache: 0
  pin_top_level_index_and_filter: 1
  index_type: 0
  data_block_index_type: 0
  index_shortening: 1
  data_block_hash_table_util_ratio: 0.750000
  hash_index_allow_collision: 1
  checksum: 1
  no_block_cache: 0
  block_cache: 0x7fe8e2d49690
  block_cache_name: LRUCache
  block_cache_options:
    capacity : 8388608
    num_shard_bits : 4
    strict_capacity_limit : 0
    memory_allocator : None
    high_pri_pool_ratio: 0.000
  block_cache_compressed: (nil)
  persistent_cache: (nil)
  block_size: 4096
  block_size_deviation: 10
  block_restart_interval: 16
  index_block_restart_interval: 1
  metadata_block_size: 4096
  partition_filters: 0
  use_delta_encoding: 1
  filter_policy: nullptr
  whole_key_filtering: 1
  verify_compression: 0
  read_amp_bytes_per_bit: 0
  format_version: 5
  enable_index_compression: 1
  block_align: 0
2023/12/08-22:42:17.435318 7fe8a85da700        Options.write_buffer_size: 4194304
2023/12/08-22:42:17.435319 7fe8a85da700  Options.max_write_buffer_number: 2
2023/12/08-22:42:17.435320 7fe8a85da700        Options.compression[0]: NoCompression
2023/12/08-22:42:17.435321 7fe8a85da700        Options.compression[1]: NoCompression
2023/12/08-22:42:17.435322 7fe8a85da700        Options.compression[2]: Snappy
2023/12/08-22:42:17.435323 7fe8a85da700        Options.compression[3]: Snappy
2023/12/08-22:42:17.435324 7fe8a85da700        Options.compression[4]: Snappy
2023/12/08-22:42:17.435325 7fe8a85da700        Options.compression[5]: Snappy
2023/12/08-22:42:17.435325 7fe8a85da700        Options.compression[6]: Snappy
2023/12/08-22:42:17.435327 7fe8a85da700                  Options.bottommost_compression: Disabled
2023/12/08-22:42:17.435328 7fe8a85da700       Options.prefix_extractor: nullptr
2023/12/08-22:42:17.435329 7fe8a85da700   Options.memtable_insert_with_hint_prefix_extractor: nullptr
2023/12/08-22:42:17.435329 7fe8a85da700             Options.num_levels: 7
2023/12/08-22:42:17.435330 7fe8a85da700        Options.min_write_buffer_number_to_merge: 1
2023/12/08-22:42:17.435331 7fe8a85da700     Options.max_write_buffer_number_to_maintain: 0
2023/12/08-22:42:17.435332 7fe8a85da700     Options.max_write_buffer_size_to_maintain: 0
2023/12/08-22:42:17.435333 7fe8a85da700            Options.bottommost_compression_opts.window_bits: -14
2023/12/08-22:42:17.435333 7fe8a85da700                  Options.bottommost_compression_opts.level: 32767
2023/12/08-22:42:17.435334 7fe8a85da700               Options.bottommost_compression_opts.strategy: 0
2023/12/08-22:42:17.435335 7fe8a85da700         Options.bottommost_compression_opts.max_dict_bytes: 0
2023/12/08-22:42:17.435336 7fe8a85da700         Options.bottommost_compression_opts.zstd_max_train_bytes: 0
2023/12/08-22:42:17.435337 7fe8a85da700         Options.bottommost_compression_opts.parallel_threads: 1
2023/12/08-22:42:17.435338 7fe8a85da700                  Options.bottommost_compression_opts.enabled: false
2023/12/08-22:42:17.435339 7fe8a85da700         Options.bottommost_compression_opts.max_dict_buffer_bytes: 0
2023/12/08-22:42:17.435339 7fe8a85da700            Options.compression_opts.window_bits: -14
2023/12/08-22:42:17.435340 7fe8a85da700                  Options.compression_opts.level: 32767
2023/12/08-22:42:17.435341 7fe8a85da700               Options.compression_opts.strategy: 0
2023/12/08-22:42:17.435342 7fe8a85da700         Options.compression_opts.max_dict_bytes: 0
2023/12/08-22:42:17.435342 7fe8a85da700         Options.compression_opts.zstd_max_train_bytes: 0
2023/12/08-22:42:17.435343 7fe8a85da700         Options.compression_opts.parallel_threads: 1
2023/12/08-22:42:17.435344 7fe8a85da700                  Options.compression_opts.enabled: false
2023/12/08-22:42:17.435345 7fe8a85da700         Options.compression_opts.max_dict_buffer_bytes: 0
2023/12/08-22:42:17.435345 7fe8a85da700      Options.level0_file_num_compaction_trigger: 2
2023/12/08-22:42:17.435347 7fe8a85da700          Options.level0_slowdown_writes_trigger: 20
2023/12/08-22:42:17.435348 7fe8a85da700              Options.level0_stop_writes_trigger: 36
2023/12/08-22:42:17.435349 7fe8a85da700                   Options.target_file_size_base: 67108864
2023/12/08-22:42:17.435350 7fe8a85da700             Options.target_file_size_multiplier: 1
2023/12/08-22:42:17.435351 7fe8a85da700                Options.max_bytes_for_level_base: 536870912
2023/12/08-22:42:17.435352 7fe8a85da700 Options.level_compaction_dynamic_level_bytes: 0
2023/12/08-22:42:17.435353 7fe8a85da700          Options.max_bytes_for_level_multiplier: 10.000000
2023/12/08-22:42:17.435355 7fe8a85da700 Options.max_bytes_for_level_multiplier_addtl[0]: 1
2023/12/08-22:42:17.435355 7fe8a85da700 Options.max_bytes_for_level_multiplier_addtl[1]: 1
2023/12/08-22:42:17.435356 7fe8a85da700 Options.max_bytes_for_level_multiplier_addtl[2]: 1
2023/12/08-22:42:17.435357 7fe8a85da700 Options.max_bytes_for_level_multiplier_addtl[3]: 1
2023/12/08-22:42:17.435357 7fe8a85da700 Options.max_bytes_for_level_multiplier_addtl[4]: 1
2023/12/08-22:42:17.435358 7fe8a85da700 Options.max_bytes_for_level_multiplier_addtl[5]: 1
2023/12/08-22:42:17.435358 7fe8a85da700 Options.max_bytes_for_level_multiplier_addtl[6]: 1
2023/12/08-22:42:17.435359 7fe8a85da700       Options.max_sequential_skip_in_iterations: 8
2023/12/08-22:42:17.435359 7fe8a85da700                    Options.max_compaction_bytes: 1677721600
2023/12/08-22:42:17.435360 7fe8a85da700                        Options.arena_block_size: 524288
2023/12/08-22:42:17.435361 7fe8a85da700   Options.soft_pending_compaction_bytes_limit: 68719476736
2023/12/08-22:42:17.435361 7fe8a85da700   Options.hard_pending_compaction_bytes_limit: 274877906944
2023/12/08-22:42:17.435362 7fe8a85da700       Options.rate_limit_delay_max_milliseconds: 100
2023/12/08-22:42:17.435362 7fe8a85da700                Options.disable_auto_compactions: 0
2023/12/08-22:42:17.435364 7fe8a85da700                        Options.compaction_style: kCompactionStyleLevel
2023/12/08-22:42:17.435364 7fe8a85da700                          Options.compaction_pri: kMinOverlappingRatio
2023/12/08-22:42:17.435365 7fe8a85da700 Options.compaction_options_universal.size_ratio: 1
2023/12/08-22:42:17.435365 7fe8a85da700 Options.compaction_options_universal.min_merge_width: 2
2023/12/08-22:42:17.435366 7fe8a85da700 Options.compaction_options_universal.max_merge_width: 4294967295
2023/12/08-22:42:17.435367 7fe8a85da700 Options.compaction_options_universal.max_size_amplification_percent: 200
2023/12/08-22:42:17.435367 7fe8a85da700 Options.compaction_options_universal.compression_size_percent: -1
2023/12/08-22:42:17.435368 7fe8a85da700 Options.compaction_options_universal.stop_style: kCompactionStopStyleTotalSize
2023/12/08-22:42:17.435369 7fe8a85da700 Options.compaction_options_fifo.max_table_files_size: 1073741824
2023/12/08-22:42:17.435369 7fe8a85da700 Options.compaction_options_fifo.allow_compaction: 0
2023/12/08-22:42:17.435375 7fe8a85da700                   Options.table_properties_collectors: 
2023/12/08-22:42:17.435376 7fe8a85da700                   Options.inplace_update_support: 0
2023/12/08-22:42:17.435376 7fe8a85da700                 Options.inplace_update_num_locks: 10000
2023/12/08-22:42:17.435377 7fe8a85da700               Options.memtable_prefix_bloom_size_ratio: 0.000000
2023/12/08-22:42:17.435378 7fe8a85da700               Options.memtable_whole_key_filtering: 0
2023/12/08-22:42:17.435378 7fe8a85da700   Options.memtable_huge_page_size: 0
2023/12/08-22:42:17.435379 7fe8a85da700                           Options.bloom_locality: 0
2023/12/08-22:42:17.435379 7fe8a85da700                    Options.max_successive_merges: 0
2023/12/08-22:42:17.435380 7fe8a85da700                Options.optimize_filters_for_hits: 0
2023/12/08-22:42:17.435380 7fe8a85da700                Options.paranoid_file_checks: 0
2023/12/08-22:42:17.435381 7fe8a85da700                Options.force_consistency_checks: 1
2023/12/08-22:42:17.435382 7fe8a85da700                Options.report_bg_io_stats: 0
2023/12/08-22:42:17.435382 7fe8a85da700                               Options.ttl: 2592000
2023/12/08-22:42:17.435383 7fe8a85da700          Options.periodic_compaction_seconds: 0
2023/12/08-22:42:17.435383 7fe8a85da700                    Options.enable_blob_files: false
2023/12/08-22:42:17.435384 7fe8a85da700                        Options.min_blob_size: 0
2023/12/08-22:42:17.435384 7fe8a85da700                       Options.blob_file_size: 268435456
2023/12/08-22:42:17.435385 7fe8a85da700                Options.blob_compression_type: NoCompression
2023/12/08-22:42:17.435386 7fe8a85da700       Options.enable_blob_garbage_collection: false
2023/12/08-22:42:17.435386 7fe8a85da700   Options.blob_garbage_collection_age_cutoff: 0.250000
2023/12/08-22:42:17.472722 7fe8a85da700 [/version_set.cc:4666] Recovered from manifest file:/data/db/MANIFEST-000021 succeeded,manifest_file_number is 21, next_file_number is 41, last_sequence is 31, log_number is 38,prev_log_number is 0,max_column_family is 0,min_log_number_to_keep is 0
2023/12/08-22:42:17.472731 7fe8a85da700 [/version_set.cc:4681] Column family [default] (ID 0), log number is 38
2023/12/08-22:42:17.490990 7fe8a85da700 [/version_set.cc:4118] Creating manifest 42
2023/12/08-22:42:17.562077 7fe8a85da700 [/db_impl/db_impl_open.cc:1756] SstFileManager instance 0x7fe8e2c8c080
2023/12/08-22:42:17.563008 7fe8a85da700 DB pointer 0x7fe8e2ce1800
2023/12/08-22:42:23.563615 7fe8b25ee700 [/db_impl/db_impl.cc:931] ------- DUMPING STATS -------
2023/12/08-22:42:23.563665 7fe8b25ee700 [/db_impl/db_impl.cc:933] 
** DB Stats **
Uptime(secs): 6.1 total, 6.1 interval
Cumulative writes: 0 writes, 0 keys, 0 commit groups, 0.0 writes per commit group, ingest: 0.00 GB, 0.00 MB/s
Cumulative WAL: 0 writes, 0 syncs, 0.00 writes per sync, written: 0.00 GB, 0.00 MB/s
Cumulative stall: 00:00:0.000 H:M:S, 0.0 percent
Interval writes: 0 writes, 0 keys, 0 commit groups, 0.0 writes per commit group, ingest: 0.00 MB, 0.00 MB/s
Interval WAL: 0 writes, 0 syncs, 0.00 writes per sync, written: 0.00 MB, 0.00 MB/s
Interval stall: 00:00:0.000 H:M:S, 0.0 percent

** Compaction Stats [default] **
Level    Files   Size     Score Read(GB)  Rn(GB) Rnp1(GB) Write(GB) Wnew(GB) Moved(GB) W-Amp Rd(MB/s) Wr(MB/s) Comp(sec) CompMergeCPU(sec) Comp(cnt) Avg(sec) KeyIn KeyDrop Rblob(GB) Wblob(GB)
------------------------------------------------------------------------------------------------------------------------------------------------------------------------------------------------
  L0      1/0    1.05 KB   0.5      0.0     0.0      0.0       0.0      0.0       0.0   0.0      0.0      0.0      0.00              0.00         0    0.000       0      0       0.0       0.0
  L1      1/0    0.97 KB   0.0      0.0     0.0      0.0       0.0      0.0       0.0   0.0      0.0      0.0      0.00              0.00         0    0.000       0      0       0.0       0.0
 Sum      2/0    2.02 KB   0.0      0.0     0.0      0.0       0.0      0.0       0.0   0.0      0.0      0.0      0.00              0.00         0    0.000       0      0       0.0       0.0
 Int      0/0    0.00 KB   0.0      0.0     0.0      0.0       0.0      0.0       0.0   0.0      0.0      0.0      0.00              0.00         0    0.000       0      0       0.0       0.0

** Compaction Stats [default] **
Priority    Files   Size     Score Read(GB)  Rn(GB) Rnp1(GB) Write(GB) Wnew(GB) Moved(GB) W-Amp Rd(MB/s) Wr(MB/s) Comp(sec) CompMergeCPU(sec) Comp(cnt) Avg(sec) KeyIn KeyDrop Rblob(GB) Wblob(GB)
---------------------------------------------------------------------------------------------------------------------------------------------------------------------------------------------------

Blob file count: 0, total size: 0.0 GB

Uptime(secs): 6.1 total, 6.1 interval
Flush(GB): cumulative 0.000, interval 0.000
AddFile(GB): cumulative 0.000, interval 0.000
AddFile(Total Files): cumulative 0, interval 0
AddFile(L0 Files): cumulative 0, interval 0
AddFile(Keys): cumulative 0, interval 0
Cumulative compaction: 0.00 GB write, 0.00 MB/s write, 0.00 GB read, 0.00 MB/s read, 0.0 seconds
Interval compaction: 0.00 GB write, 0.00 MB/s write, 0.00 GB read, 0.00 MB/s read, 0.0 seconds
Stalls(count): 0 level0_slowdown, 0 level0_slowdown_with_compaction, 0 level0_numfiles, 0 level0_numfiles_with_compaction, 0 stop for pending_compaction_bytes, 0 slowdown for pending_compaction_bytes, 0 memtable_compaction, 0 memtable_slowdown, interval 0 total count

** File Read Latency Histogram By Level [default] **

** Compaction Stats [default] **
Level    Files   Size     Score Read(GB)  Rn(GB) Rnp1(GB) Write(GB) Wnew(GB) Moved(GB) W-Amp Rd(MB/s) Wr(MB/s) Comp(sec) CompMergeCPU(sec) Comp(cnt) Avg(sec) KeyIn KeyDrop Rblob(GB) Wblob(GB)
------------------------------------------------------------------------------------------------------------------------------------------------------------------------------------------------
  L0      1/0    1.05 KB   0.5      0.0     0.0      0.0       0.0      0.0       0.0   0.0      0.0      0.0      0.00              0.00         0    0.000       0      0       0.0       0.0
  L1      1/0    0.97 KB   0.0      0.0     0.0      0.0       0.0      0.0       0.0   0.0      0.0      0.0      0.00              0.00         0    0.000       0      0       0.0       0.0
 Sum      2/0    2.02 KB   0.0      0.0     0.0      0.0       0.0      0.0       0.0   0.0      0.0      0.0      0.00              0.00         0    0.000       0      0       0.0       0.0
 Int      0/0    0.00 KB   0.0      0.0     0.0      0.0       0.0      0.0       0.0   0.0      0.0      0.0      0.00              0.00         0    0.000       0      0       0.0       0.0

** Compaction Stats [default] **
Priority    Files   Size     Score Read(GB)  Rn(GB) Rnp1(GB) Write(GB) Wnew(GB) Moved(GB) W-Amp Rd(MB/s) Wr(MB/s) Comp(sec) CompMergeCPU(sec) Comp(cnt) Avg(sec) KeyIn KeyDrop Rblob(GB) Wblob(GB)
---------------------------------------------------------------------------------------------------------------------------------------------------------------------------------------------------

Blob file count: 0, total size: 0.0 GB

Uptime(secs): 6.1 total, 0.0 interval
Flush(GB): cumulative 0.000, interval 0.000
AddFile(GB): cumulative 0.000, interval 0.000
AddFile(Total Files): cumulative 0, interval 0
AddFile(L0 Files): cumulative 0, interval 0
AddFile(Keys): cumulative 0, interval 0
Cumulative compaction: 0.00 GB write, 0.00 MB/s write, 0.00 GB read, 0.00 MB/s read, 0.0 seconds
Interval compaction: 0.00 GB write, 0.00 MB/s write, 0.00 GB read, 0.00 MB/s read, 0.0 seconds
Stalls(count): 0 level0_slowdown, 0 level0_slowdown_with_compaction, 0 level0_numfiles, 0 level0_numfiles_with_compaction, 0 stop for pending_compaction_bytes, 0 slowdown for pending_compaction_bytes, 0 memtable_compaction, 0 memtable_slowdown, interval 0 total count

** File Read Latency Histogram By Level [default] **
2023/12/08-22:52:23.569437 7fe8b25ee700 [/db_impl/db_impl.cc:931] ------- DUMPING STATS -------
2023/12/08-22:52:23.569485 7fe8b25ee700 [/db_impl/db_impl.cc:933] 
** DB Stats **
Uptime(secs): 606.1 total, 600.0 interval
Cumulative writes: 2 writes, 2 keys, 2 commit groups, 0.7 writes per commit group, ingest: 0.00 GB, 0.00 MB/s
Cumulative WAL: 1 writes, 0 syncs, 1.00 writes per sync, written: 0.00 GB, 0.00 MB/s
Cumulative stall: 00:00:0.000 H:M:S, 0.0 percent
Interval writes: 2 writes, 2 keys, 2 commit groups, 0.7 writes per commit group, ingest: 0.00 MB, 0.00 MB/s
Interval WAL: 1 writes, 0 syncs, 1.00 writes per sync, written: 0.00 MB, 0.00 MB/s
Interval stall: 00:00:0.000 H:M:S, 0.0 percent

** Compaction Stats [default] **
Level    Files   Size     Score Read(GB)  Rn(GB) Rnp1(GB) Write(GB) Wnew(GB) Moved(GB) W-Amp Rd(MB/s) Wr(MB/s) Comp(sec) CompMergeCPU(sec) Comp(cnt) Avg(sec) KeyIn KeyDrop Rblob(GB) Wblob(GB)
------------------------------------------------------------------------------------------------------------------------------------------------------------------------------------------------
  L0      1/0    1.05 KB   0.5      0.0     0.0      0.0       0.0      0.0       0.0   0.0      0.0      0.0      0.00              0.00         0    0.000       0      0       0.0       0.0
  L1      1/0    0.97 KB   0.0      0.0     0.0      0.0       0.0      0.0       0.0   0.0      0.0      0.0      0.00              0.00         0    0.000       0      0       0.0       0.0
 Sum      2/0    2.02 KB   0.0      0.0     0.0      0.0       0.0      0.0       0.0   0.0      0.0      0.0      0.00              0.00         0    0.000       0      0       0.0       0.0
 Int      0/0    0.00 KB   0.0      0.0     0.0      0.0       0.0      0.0       0.0   0.0      0.0      0.0      0.00              0.00         0    0.000       0      0       0.0       0.0

** Compaction Stats [default] **
Priority    Files   Size     Score Read(GB)  Rn(GB) Rnp1(GB) Write(GB) Wnew(GB) Moved(GB) W-Amp Rd(MB/s) Wr(MB/s) Comp(sec) CompMergeCPU(sec) Comp(cnt) Avg(sec) KeyIn KeyDrop Rblob(GB) Wblob(GB)
---------------------------------------------------------------------------------------------------------------------------------------------------------------------------------------------------

Blob file count: 0, total size: 0.0 GB

Uptime(secs): 606.1 total, 600.0 interval
Flush(GB): cumulative 0.000, interval 0.000
AddFile(GB): cumulative 0.000, interval 0.000
AddFile(Total Files): cumulative 0, interval 0
AddFile(L0 Files): cumulative 0, interval 0
AddFile(Keys): cumulative 0, interval 0
Cumulative compaction: 0.00 GB write, 0.00 MB/s write, 0.00 GB read, 0.00 MB/s read, 0.0 seconds
Interval compaction: 0.00 GB write, 0.00 MB/s write, 0.00 GB read, 0.00 MB/s read, 0.0 seconds
Stalls(count): 0 level0_slowdown, 0 level0_slowdown_with_compaction, 0 level0_numfiles, 0 level0_numfiles_with_compaction, 0 stop for pending_compaction_bytes, 0 slowdown for pending_compaction_bytes, 0 memtable_compaction, 0 memtable_slowdown, interval 0 total count

** File Read Latency Histogram By Level [default] **

** Compaction Stats [default] **
Level    Files   Size     Score Read(GB)  Rn(GB) Rnp1(GB) Write(GB) Wnew(GB) Moved(GB) W-Amp Rd(MB/s) Wr(MB/s) Comp(sec) CompMergeCPU(sec) Comp(cnt) Avg(sec) KeyIn KeyDrop Rblob(GB) Wblob(GB)
------------------------------------------------------------------------------------------------------------------------------------------------------------------------------------------------
  L0      1/0    1.05 KB   0.5      0.0     0.0      0.0       0.0      0.0       0.0   0.0      0.0      0.0      0.00              0.00         0    0.000       0      0       0.0       0.0
  L1      1/0    0.97 KB   0.0      0.0     0.0      0.0       0.0      0.0       0.0   0.0      0.0      0.0      0.00              0.00         0    0.000       0      0       0.0       0.0
 Sum      2/0    2.02 KB   0.0      0.0     0.0      0.0       0.0      0.0       0.0   0.0      0.0      0.0      0.00              0.00         0    0.000       0      0       0.0       0.0
 Int      0/0    0.00 KB   0.0      0.0     0.0      0.0       0.0      0.0       0.0   0.0      0.0      0.0      0.00              0.00         0    0.000       0      0       0.0       0.0

** Compaction Stats [default] **
Priority    Files   Size     Score Read(GB)  Rn(GB) Rnp1(GB) Write(GB) Wnew(GB) Moved(GB) W-Amp Rd(MB/s) Wr(MB/s) Comp(sec) CompMergeCPU(sec) Comp(cnt) Avg(sec) KeyIn KeyDrop Rblob(GB) Wblob(GB)
---------------------------------------------------------------------------------------------------------------------------------------------------------------------------------------------------

Blob file count: 0, total size: 0.0 GB

Uptime(secs): 606.1 total, 0.0 interval
Flush(GB): cumulative 0.000, interval 0.000
AddFile(GB): cumulative 0.000, interval 0.000
AddFile(Total Files): cumulative 0, interval 0
AddFile(L0 Files): cumulative 0, interval 0
AddFile(Keys): cumulative 0, interval 0
Cumulative compaction: 0.00 GB write, 0.00 MB/s write, 0.00 GB read, 0.00 MB/s read, 0.0 seconds
Interval compaction: 0.00 GB write, 0.00 MB/s write, 0.00 GB read, 0.00 MB/s read, 0.0 seconds
Stalls(count): 0 level0_slowdown, 0 level0_slowdown_with_compaction, 0 level0_numfiles, 0 level0_numfiles_with_compaction, 0 stop for pending_compaction_bytes, 0 slowdown for pending_compaction_bytes, 0 memtable_compaction, 0 memtable_slowdown, interval 0 total count

** File Read Latency Histogram By Level [default] **
2023/12/08-23:02:23.572801 7fe8b25ee700 [/db_impl/db_impl.cc:931] ------- DUMPING STATS -------
2023/12/08-23:02:23.572857 7fe8b25ee700 [/db_impl/db_impl.cc:933] 
** DB Stats **
Uptime(secs): 1206.1 total, 600.0 interval
Cumulative writes: 2 writes, 2 keys, 2 commit groups, 0.7 writes per commit group, ingest: 0.00 GB, 0.00 MB/s
Cumulative WAL: 1 writes, 0 syncs, 1.00 writes per sync, written: 0.00 GB, 0.00 MB/s
Cumulative stall: 00:00:0.000 H:M:S, 0.0 percent
Interval writes: 0 writes, 0 keys, 0 commit groups, 0.0 writes per commit group, ingest: 0.00 MB, 0.00 MB/s
Interval WAL: 0 writes, 0 syncs, 0.00 writes per sync, written: 0.00 MB, 0.00 MB/s
Interval stall: 00:00:0.000 H:M:S, 0.0 percent

** Compaction Stats [default] **
Level    Files   Size     Score Read(GB)  Rn(GB) Rnp1(GB) Write(GB) Wnew(GB) Moved(GB) W-Amp Rd(MB/s) Wr(MB/s) Comp(sec) CompMergeCPU(sec) Comp(cnt) Avg(sec) KeyIn KeyDrop Rblob(GB) Wblob(GB)
------------------------------------------------------------------------------------------------------------------------------------------------------------------------------------------------
  L0      1/0    1.05 KB   0.5      0.0     0.0      0.0       0.0      0.0       0.0   0.0      0.0      0.0      0.00              0.00         0    0.000       0      0       0.0       0.0
  L1      1/0    0.97 KB   0.0      0.0     0.0      0.0       0.0      0.0       0.0   0.0      0.0      0.0      0.00              0.00         0    0.000       0      0       0.0       0.0
 Sum      2/0    2.02 KB   0.0      0.0     0.0      0.0       0.0      0.0       0.0   0.0      0.0      0.0      0.00              0.00         0    0.000       0      0       0.0       0.0
 Int      0/0    0.00 KB   0.0      0.0     0.0      0.0       0.0      0.0       0.0   0.0      0.0      0.0      0.00              0.00         0    0.000       0      0       0.0       0.0

** Compaction Stats [default] **
Priority    Files   Size     Score Read(GB)  Rn(GB) Rnp1(GB) Write(GB) Wnew(GB) Moved(GB) W-Amp Rd(MB/s) Wr(MB/s) Comp(sec) CompMergeCPU(sec) Comp(cnt) Avg(sec) KeyIn KeyDrop Rblob(GB) Wblob(GB)
---------------------------------------------------------------------------------------------------------------------------------------------------------------------------------------------------

Blob file count: 0, total size: 0.0 GB

Uptime(secs): 1206.1 total, 600.0 interval
Flush(GB): cumulative 0.000, interval 0.000
AddFile(GB): cumulative 0.000, interval 0.000
AddFile(Total Files): cumulative 0, interval 0
AddFile(L0 Files): cumulative 0, interval 0
AddFile(Keys): cumulative 0, interval 0
Cumulative compaction: 0.00 GB write, 0.00 MB/s write, 0.00 GB read, 0.00 MB/s read, 0.0 seconds
Interval compaction: 0.00 GB write, 0.00 MB/s write, 0.00 GB read, 0.00 MB/s read, 0.0 seconds
Stalls(count): 0 level0_slowdown, 0 level0_slowdown_with_compaction, 0 level0_numfiles, 0 level0_numfiles_with_compaction, 0 stop for pending_compaction_bytes, 0 slowdown for pending_compaction_bytes, 0 memtable_compaction, 0 memtable_slowdown, interval 0 total count

** File Read Latency Histogram By Level [default] **

** Compaction Stats [default] **
Level    Files   Size     Score Read(GB)  Rn(GB) Rnp1(GB) Write(GB) Wnew(GB) Moved(GB) W-Amp Rd(MB/s) Wr(MB/s) Comp(sec) CompMergeCPU(sec) Comp(cnt) Avg(sec) KeyIn KeyDrop Rblob(GB) Wblob(GB)
------------------------------------------------------------------------------------------------------------------------------------------------------------------------------------------------
  L0      1/0    1.05 KB   0.5      0.0     0.0      0.0       0.0      0.0       0.0   0.0      0.0      0.0      0.00              0.00         0    0.000       0      0       0.0       0.0
  L1      1/0    0.97 KB   0.0      0.0     0.0      0.0       0.0      0.0       0.0   0.0      0.0      0.0      0.00              0.00         0    0.000       0      0       0.0       0.0
 Sum      2/0    2.02 KB   0.0      0.0     0.0      0.0       0.0      0.0       0.0   0.0      0.0      0.0      0.00              0.00         0    0.000       0      0       0.0       0.0
 Int      0/0    0.00 KB   0.0      0.0     0.0      0.0       0.0      0.0       0.0   0.0      0.0      0.0      0.00              0.00         0    0.000       0      0       0.0       0.0

** Compaction Stats [default] **
Priority    Files   Size     Score Read(GB)  Rn(GB) Rnp1(GB) Write(GB) Wnew(GB) Moved(GB) W-Amp Rd(MB/s) Wr(MB/s) Comp(sec) CompMergeCPU(sec) Comp(cnt) Avg(sec) KeyIn KeyDrop Rblob(GB) Wblob(GB)
---------------------------------------------------------------------------------------------------------------------------------------------------------------------------------------------------

Blob file count: 0, total size: 0.0 GB

Uptime(secs): 1206.1 total, 0.0 interval
Flush(GB): cumulative 0.000, interval 0.000
AddFile(GB): cumulative 0.000, interval 0.000
AddFile(Total Files): cumulative 0, interval 0
AddFile(L0 Files): cumulative 0, interval 0
AddFile(Keys): cumulative 0, interval 0
Cumulative compaction: 0.00 GB write, 0.00 MB/s write, 0.00 GB read, 0.00 MB/s read, 0.0 seconds
Interval compaction: 0.00 GB write, 0.00 MB/s write, 0.00 GB read, 0.00 MB/s read, 0.0 seconds
Stalls(count): 0 level0_slowdown, 0 level0_slowdown_with_compaction, 0 level0_numfiles, 0 level0_numfiles_with_compaction, 0 stop for pending_compaction_bytes, 0 slowdown for pending_compaction_bytes, 0 memtable_compaction, 0 memtable_slowdown, interval 0 total count

** File Read Latency Histogram By Level [default] **
2023/12/08-23:12:23.944732 7fe8b25ee700 [/db_impl/db_impl.cc:931] ------- DUMPING STATS -------
2023/12/08-23:12:23.944869 7fe8b25ee700 [/db_impl/db_impl.cc:933] 
** DB Stats **
Uptime(secs): 1806.5 total, 600.4 interval
Cumulative writes: 2 writes, 2 keys, 2 commit groups, 0.7 writes per commit group, ingest: 0.00 GB, 0.00 MB/s
Cumulative WAL: 1 writes, 0 syncs, 1.00 writes per sync, written: 0.00 GB, 0.00 MB/s
Cumulative stall: 00:00:0.000 H:M:S, 0.0 percent
Interval writes: 0 writes, 0 keys, 0 commit groups, 0.0 writes per commit group, ingest: 0.00 MB, 0.00 MB/s
Interval WAL: 0 writes, 0 syncs, 0.00 writes per sync, written: 0.00 MB, 0.00 MB/s
Interval stall: 00:00:0.000 H:M:S, 0.0 percent

** Compaction Stats [default] **
Level    Files   Size     Score Read(GB)  Rn(GB) Rnp1(GB) Write(GB) Wnew(GB) Moved(GB) W-Amp Rd(MB/s) Wr(MB/s) Comp(sec) CompMergeCPU(sec) Comp(cnt) Avg(sec) KeyIn KeyDrop Rblob(GB) Wblob(GB)
------------------------------------------------------------------------------------------------------------------------------------------------------------------------------------------------
  L0      1/0    1.05 KB   0.5      0.0     0.0      0.0       0.0      0.0       0.0   0.0      0.0      0.0      0.00              0.00         0    0.000       0      0       0.0       0.0
  L1      1/0    0.97 KB   0.0      0.0     0.0      0.0       0.0      0.0       0.0   0.0      0.0      0.0      0.00              0.00         0    0.000       0      0       0.0       0.0
 Sum      2/0    2.02 KB   0.0      0.0     0.0      0.0       0.0      0.0       0.0   0.0      0.0      0.0      0.00              0.00         0    0.000       0      0       0.0       0.0
 Int      0/0    0.00 KB   0.0      0.0     0.0      0.0       0.0      0.0       0.0   0.0      0.0      0.0      0.00              0.00         0    0.000       0      0       0.0       0.0

** Compaction Stats [default] **
Priority    Files   Size     Score Read(GB)  Rn(GB) Rnp1(GB) Write(GB) Wnew(GB) Moved(GB) W-Amp Rd(MB/s) Wr(MB/s) Comp(sec) CompMergeCPU(sec) Comp(cnt) Avg(sec) KeyIn KeyDrop Rblob(GB) Wblob(GB)
---------------------------------------------------------------------------------------------------------------------------------------------------------------------------------------------------

Blob file count: 0, total size: 0.0 GB

Uptime(secs): 1806.5 total, 600.4 interval
Flush(GB): cumulative 0.000, interval 0.000
AddFile(GB): cumulative 0.000, interval 0.000
AddFile(Total Files): cumulative 0, interval 0
AddFile(L0 Files): cumulative 0, interval 0
AddFile(Keys): cumulative 0, interval 0
Cumulative compaction: 0.00 GB write, 0.00 MB/s write, 0.00 GB read, 0.00 MB/s read, 0.0 seconds
Interval compaction: 0.00 GB write, 0.00 MB/s write, 0.00 GB read, 0.00 MB/s read, 0.0 seconds
Stalls(count): 0 level0_slowdown, 0 level0_slowdown_with_compaction, 0 level0_numfiles, 0 level0_numfiles_with_compaction, 0 stop for pending_compaction_bytes, 0 slowdown for pending_compaction_bytes, 0 memtable_compaction, 0 memtable_slowdown, interval 0 total count

** File Read Latency Histogram By Level [default] **

** Compaction Stats [default] **
Level    Files   Size     Score Read(GB)  Rn(GB) Rnp1(GB) Write(GB) Wnew(GB) Moved(GB) W-Amp Rd(MB/s) Wr(MB/s) Comp(sec) CompMergeCPU(sec) Comp(cnt) Avg(sec) KeyIn KeyDrop Rblob(GB) Wblob(GB)
------------------------------------------------------------------------------------------------------------------------------------------------------------------------------------------------
  L0      1/0    1.05 KB   0.5      0.0     0.0      0.0       0.0      0.0       0.0   0.0      0.0      0.0      0.00              0.00         0    0.000       0      0       0.0       0.0
